1900-01-011900-01-31INV000001ID0000001         1001.00            140.00             22.00
1900-01-011900-01-31INV000002ID0000002         1002.00            140.00             22.00
1900-01-011900-01-31INV000003ID0000003         1003.00            140.00             22.00
1900-01-011900-01-31INV000004ID0000004         1004.00            140.00             22.00
1900-01-011900-01-31INV000005ID0000005         1005.00            140.00             22.00
1900-01-011900-01-31INV000006ID0000006         1006.00            140.00             22.00
1900-01-011900-01-31INV000007ID0000007         1007.00            140.00             22.00
1900-01-011900-01-31INV000008ID0000008         1008.00            140.00             22.00
1900-01-011900-01-31INV000009ID0000009         1009.00            140.00             22.00
1900-01-011900-01-31INV000010ID0000010         1010.00            140.00             22.00
1900-01-011900-01-31INV000011ID0000011         1011.00            140.00             22.00
1900-01-011900-01-31INV000012ID0000012         1012.00            140.00             0.00