1900-01-021900-02-01INV000001ID0000001         1001.00            140.00             22.00
1900-01-031900-02-02INV000002ID0000002         1002.00            140.00             22.00
1900-01-041900-02-03INV000003ID0000003         1003.00            140.00             22.00
1900-01-051900-02-04INV000004ID0000004         1004.00            140.00             22.00
1900-01-061900-02-05INV000005ID0000005         1005.00            140.00             22.00
1900-01-071900-02-06INV000006ID0000006         1006.00            140.00             22.00
1900-01-081900-02-07INV000007ID0000007         1007.00            140.00             22.00
1900-01-091900-02-08INV000008ID0000008         1008.00            140.00             22.00
1900-01-101900-02-09INV000009ID0000009         1009.00            140.00             22.00
1900-01-111900-02-10INV000010ID0000010         1010.00            140.00             22.00
1900-01-121900-02-11INV000011ID0000011         1011.00            140.00             22.00
1900-01-131900-02-12INV000012ID0000012         1012.00            140.00             0.00